 ---------------------------------------------------------------
 Surface and Strip Forces by surface

  Forces referred to Sref, Cref, Bref about Xref, Yref, Zref
 Standard axis orientation,  X fwd, Z down         

  Surface # 1     Wing                                    
     # Chordwise =  8   # Spanwise = 64     First strip =  1
     Surface area =    6.021090       Ave. chord =    1.347000
     CLsurf  =   0.05900     Clsurf  =  -0.01233
     CYsurf  =  -0.00007     Cmsurf  =  -0.13557
     CDsurf  =   0.00029     Cnsurf  =  -0.00018
     CDisurf =   0.00029     CDvsurf =   0.00000

  Forces referred to Ssurf, Cave about hinge axis thru LE
     CLsurf  =   0.10112     CDsurf  =   0.00050
     Deflect =

 Strip Forces referred to Strip Area, Chord
    j      Yle    Chord     Area     c cl      ai      cl_norm  cl       cd       cdv    cm_c/4    cm_LE  C.P.x/c
     1   0.0349   2.1483   0.1500   0.1838   0.0113   0.0935   0.0855   0.0132   0.0000  -0.1107  -0.1228    1.545
     2   0.1048   2.1228   0.1483   0.1840   0.0121   0.0947   0.0866   0.0051   0.0000  -0.1120  -0.1242    1.542
     3   0.1746   2.0974   0.1465   0.1840   0.0125   0.0959   0.0877   0.0038   0.0000  -0.1131  -0.1255    1.539
     4   0.2445   2.0720   0.1447   0.1838   0.0126   0.0970   0.0887   0.0026   0.0000  -0.1141  -0.1266    1.536
     5   0.3143   2.0465   0.1429   0.1836   0.0126   0.0981   0.0897   0.0024   0.0000  -0.1150  -0.1277    1.532
     6   0.3841   2.0211   0.1412   0.1831   0.0126   0.0991   0.0906   0.0018   0.0000  -0.1157  -0.1286    1.528
     7   0.4540   1.9957   0.1394   0.1826   0.0125   0.1000   0.0915   0.0018   0.0000  -0.1164  -0.1295    1.523
     8   0.5238   1.9702   0.1376   0.1819   0.0123   0.1009   0.0923   0.0011   0.0000  -0.1171  -0.1303    1.518
     9   0.5937   1.9448   0.1358   0.1811   0.0122   0.1018   0.0931   0.0007   0.0000  -0.1177  -0.1310    1.514
    10   0.6635   1.9193   0.1341   0.1802   0.0120   0.1027   0.0939   0.0011   0.0000  -0.1182  -0.1317    1.509
    11   0.7334   1.8939   0.1323   0.1792   0.0118   0.1035   0.0946   0.0008   0.0000  -0.1187  -0.1323    1.504
    12   0.8032   1.8685   0.1305   0.1781   0.0116   0.1043   0.0953   0.0002   0.0000  -0.1191  -0.1329    1.500
    13   0.8730   1.8430   0.1287   0.1770   0.0114   0.1050   0.0960   0.0004   0.0000  -0.1196  -0.1334    1.495
    14   0.9429   1.8176   0.1269   0.1757   0.0112   0.1057   0.0967   0.0000   0.0000  -0.1199  -0.1339    1.490
    15   1.0127   1.7922   0.1252   0.1744   0.0110   0.1064   0.0973  -0.0001   0.0000  -0.1203  -0.1344    1.486
    16   1.0826   1.7667   0.1234   0.1731   0.0108   0.1071   0.0979   0.0006   0.0000  -0.1206  -0.1349    1.481
    17   1.1524   1.7413   0.1216   0.1716   0.0106   0.1078   0.0986  -0.0001   0.0000  -0.1209  -0.1353    1.477
    18   1.2223   1.7158   0.1198   0.1701   0.0104   0.1084   0.0991   0.0000   0.0000  -0.1212  -0.1357    1.472
    19   1.2921   1.6904   0.1181   0.1686   0.0102   0.1091   0.0997  -0.0003   0.0000  -0.1214  -0.1361    1.468
    20   1.3620   1.6650   0.1163   0.1670   0.0100   0.1097   0.1003  -0.0004   0.0000  -0.1217  -0.1364    1.463
    21   1.4318   1.6395   0.1145   0.1653   0.0098   0.1103   0.1008  -0.0003   0.0000  -0.1219  -0.1367    1.459
    22   1.5016   1.6141   0.1127   0.1636   0.0096   0.1109   0.1014  -0.0001   0.0000  -0.1221  -0.1370    1.455
    23   1.5715   1.5887   0.1110   0.1619   0.0094   0.1114   0.1019  -0.0004   0.0000  -0.1223  -0.1373    1.450
    24   1.6413   1.5632   0.1092   0.1601   0.0092   0.1120   0.1024  -0.0007   0.0000  -0.1225  -0.1376    1.446
    25   1.7112   1.5378   0.1074   0.1583   0.0090   0.1126   0.1029  -0.0007   0.0000  -0.1226  -0.1379    1.441
    26   1.7810   1.5123   0.1056   0.1564   0.0088   0.1131   0.1034  -0.0006   0.0000  -0.1228  -0.1381    1.437
    27   1.8509   1.4869   0.1039   0.1545   0.0087   0.1136   0.1039  -0.0005   0.0000  -0.1229  -0.1384    1.433
    28   1.9207   1.4615   0.1021   0.1526   0.0085   0.1142   0.1044  -0.0006   0.0000  -0.1230  -0.1386    1.429
    29   1.9905   1.4360   0.1003   0.1506   0.0083   0.1147   0.1049  -0.0007   0.0000  -0.1232  -0.1388    1.424
    30   2.0604   1.4106   0.0985   0.1486   0.0082   0.1152   0.1053  -0.0008   0.0000  -0.1233  -0.1390    1.420
    31   2.1302   1.3852   0.0967   0.1465   0.0080   0.1157   0.1058  -0.0006   0.0000  -0.1234  -0.1392    1.416
    32   2.2001   1.3597   0.0950   0.1445   0.0078   0.1162   0.1063  -0.0008   0.0000  -0.1234  -0.1394    1.412
    33   2.2699   1.3343   0.0932   0.1424   0.0077   0.1167   0.1067  -0.0010   0.0000  -0.1235  -0.1396    1.408
    34   2.3398   1.3088   0.0914   0.1402   0.0076   0.1172   0.1072  -0.0004   0.0000  -0.1236  -0.1398    1.403
    35   2.4096   1.2834   0.0896   0.1381   0.0074   0.1177   0.1076  -0.0006   0.0000  -0.1237  -0.1399    1.399
    36   2.4795   1.2580   0.0879   0.1359   0.0073   0.1182   0.1080  -0.0005   0.0000  -0.1237  -0.1401    1.395
    37   2.5493   1.2325   0.0861   0.1337   0.0072   0.1186   0.1085  -0.0003   0.0000  -0.1238  -0.1403    1.391
    38   2.6191   1.2071   0.0843   0.1314   0.0070   0.1191   0.1089  -0.0012   0.0000  -0.1238  -0.1404    1.387
    39   2.6890   1.1817   0.0825   0.1292   0.0069   0.1196   0.1093  -0.0008   0.0000  -0.1239  -0.1405    1.383
    40   2.7588   1.1562   0.0808   0.1269   0.0068   0.1200   0.1097  -0.0009   0.0000  -0.1239  -0.1407    1.379
    41   2.8287   1.1308   0.0790   0.1246   0.0067   0.1205   0.1102  -0.0016   0.0000  -0.1239  -0.1408    1.375
    42   2.8985   1.1053   0.0772   0.1222   0.0066   0.1209   0.1106  -0.0008   0.0000  -0.1240  -0.1409    1.371
    43   2.9684   1.0799   0.0754   0.1198   0.0066   0.1213   0.1110  -0.0015   0.0000  -0.1240  -0.1410    1.367
    44   3.0382   1.0545   0.0736   0.1174   0.0065   0.1218   0.1114  -0.0011   0.0000  -0.1240  -0.1411    1.363
    45   3.1080   1.0290   0.0719   0.1150   0.0064   0.1222   0.1117  -0.0003   0.0000  -0.1240  -0.1412    1.360
    46   3.1779   1.0036   0.0701   0.1125   0.0064   0.1226   0.1121  -0.0009   0.0000  -0.1240  -0.1413    1.356
    47   3.2477   0.9782   0.0683   0.1100   0.0064   0.1230   0.1124  -0.0006   0.0000  -0.1239  -0.1413    1.352
    48   3.3176   0.9527   0.0665   0.1074   0.0064   0.1233   0.1128  -0.0004   0.0000  -0.1239  -0.1414    1.349
    49   3.3874   0.9273   0.0648   0.1049   0.0064   0.1237   0.1131  -0.0005   0.0000  -0.1239  -0.1414    1.345
    50   3.4573   0.9018   0.0630   0.1022   0.0065   0.1240   0.1134  -0.0006   0.0000  -0.1238  -0.1414    1.342
    51   3.5271   0.8764   0.0612   0.0996   0.0066   0.1243   0.1136  -0.0003   0.0000  -0.1237  -0.1413    1.338
    52   3.5970   0.8510   0.0594   0.0969   0.0068   0.1245   0.1138  -0.0002   0.0000  -0.1235  -0.1413    1.335
    53   3.6668   0.8255   0.0577   0.0941   0.0070   0.1247   0.1140  -0.0006   0.0000  -0.1233  -0.1411    1.332
    54   3.7366   0.8001   0.0559   0.0913   0.0073   0.1247   0.1141  -0.0003   0.0000  -0.1230  -0.1409    1.329
    55   3.8065   0.7747   0.0541   0.0883   0.0078   0.1247   0.1140  -0.0003   0.0000  -0.1227  -0.1405    1.326
    56   3.8763   0.7492   0.0523   0.0853   0.0084   0.1245   0.1139  -0.0004   0.0000  -0.1222  -0.1400    1.323
    57   3.9462   0.7238   0.0506   0.0821   0.0092   0.1241   0.1135   0.0002   0.0000  -0.1214  -0.1392    1.320
    58   4.0160   0.6983   0.0488   0.0787   0.0103   0.1233   0.1128  -0.0008   0.0000  -0.1204  -0.1381    1.317
    59   4.0859   0.6729   0.0470   0.0751   0.0117   0.1220   0.1116  -0.0003   0.0000  -0.1188  -0.1364    1.315
    60   4.1557   0.6475   0.0452   0.0709   0.0138   0.1198   0.1096  -0.0000   0.0000  -0.1164  -0.1337    1.313
    61   4.2255   0.6220   0.0434   0.0661   0.0167   0.1162   0.1063   0.0003   0.0000  -0.1127  -0.1294    1.311
    62   4.2954   0.5966   0.0417   0.0601   0.0209   0.1101   0.1007   0.0004   0.0000  -0.1065  -0.1224    1.308
    63   4.3652   0.5712   0.0399   0.0517   0.0274   0.0989   0.0905  -0.0009   0.0000  -0.0956  -0.1098    1.306
    64   4.4351   0.5457   0.0381   0.0378   0.0378   0.0758   0.0693  -0.0012   0.0000  -0.0731  -0.0840    1.304

  Surface # 2     Wing (YDUP)                             
     # Chordwise =  8   # Spanwise = 64     First strip = 65
     Surface area =    6.021090       Ave. chord =    1.347000
     CLsurf  =   0.05900     Clsurf  =   0.01233
     CYsurf  =   0.00003     Cmsurf  =  -0.13557
     CDsurf  =   0.00019     Cnsurf  =   0.00021
     CDisurf =   0.00019     CDvsurf =   0.00000

  Forces referred to Ssurf, Cave about hinge axis thru LE
     CLsurf  =   0.10112     CDsurf  =   0.00032
     Deflect =

 Strip Forces referred to Strip Area, Chord
    j      Yle    Chord     Area     c cl      ai      cl_norm  cl       cd       cdv    cm_c/4    cm_LE  C.P.x/c
    65  -0.0349   2.1483   0.1500   0.1838   0.0113   0.0935   0.0855   0.0130   0.0000  -0.1107   0.1228    1.545
    66  -0.1048   2.1228   0.1483   0.1840   0.0121   0.0947   0.0866   0.0051   0.0000  -0.1120   0.1242    1.542
    67  -0.1746   2.0974   0.1465   0.1840   0.0125   0.0959   0.0877   0.0035   0.0000  -0.1131   0.1255    1.539
    68  -0.2445   2.0720   0.1447   0.1838   0.0126   0.0970   0.0887   0.0024   0.0000  -0.1141   0.1266    1.536
    69  -0.3143   2.0465   0.1429   0.1836   0.0126   0.0981   0.0897   0.0023   0.0000  -0.1150   0.1277    1.532
    70  -0.3841   2.0211   0.1412   0.1831   0.0126   0.0991   0.0906   0.0019   0.0000  -0.1157   0.1286    1.528
    71  -0.4540   1.9957   0.1394   0.1826   0.0125   0.1000   0.0915   0.0014   0.0000  -0.1164   0.1295    1.523
    72  -0.5238   1.9702   0.1376   0.1819   0.0123   0.1010   0.0923   0.0007   0.0000  -0.1171   0.1303    1.518
    73  -0.5937   1.9448   0.1358   0.1811   0.0122   0.1018   0.0931   0.0006   0.0000  -0.1177   0.1310    1.514
    74  -0.6635   1.9193   0.1341   0.1802   0.0120   0.1027   0.0939   0.0008   0.0000  -0.1182   0.1317    1.509
    75  -0.7334   1.8939   0.1323   0.1792   0.0118   0.1035   0.0946   0.0010   0.0000  -0.1187   0.1323    1.504
    76  -0.8032   1.8685   0.1305   0.1781   0.0116   0.1043   0.0953  -0.0002   0.0000  -0.1191   0.1329    1.500
    77  -0.8730   1.8430   0.1287   0.1770   0.0114   0.1050   0.0960   0.0002   0.0000  -0.1196   0.1334    1.495
    78  -0.9429   1.8176   0.1269   0.1757   0.0112   0.1057   0.0967   0.0002   0.0000  -0.1199   0.1339    1.491
    79  -1.0127   1.7922   0.1252   0.1744   0.0110   0.1064   0.0973  -0.0003   0.0000  -0.1203   0.1344    1.486
    80  -1.0826   1.7667   0.1234   0.1731   0.0108   0.1071   0.0980   0.0003   0.0000  -0.1206   0.1349    1.481
    81  -1.1524   1.7413   0.1216   0.1716   0.0106   0.1078   0.0986  -0.0001   0.0000  -0.1209   0.1353    1.477
    82  -1.2223   1.7158   0.1198   0.1701   0.0104   0.1084   0.0991   0.0001   0.0000  -0.1212   0.1357    1.472
    83  -1.2921   1.6904   0.1181   0.1686   0.0102   0.1091   0.0997  -0.0005   0.0000  -0.1214   0.1361    1.468
    84  -1.3620   1.6650   0.1163   0.1670   0.0100   0.1097   0.1003  -0.0005   0.0000  -0.1217   0.1364    1.463
    85  -1.4318   1.6395   0.1145   0.1653   0.0098   0.1103   0.1008  -0.0002   0.0000  -0.1219   0.1367    1.459
    86  -1.5016   1.6141   0.1127   0.1636   0.0096   0.1109   0.1014  -0.0002   0.0000  -0.1221   0.1370    1.455
    87  -1.5715   1.5887   0.1110   0.1619   0.0094   0.1114   0.1019  -0.0008   0.0000  -0.1223   0.1373    1.450
    88  -1.6413   1.5632   0.1092   0.1601   0.0092   0.1120   0.1024  -0.0008   0.0000  -0.1225   0.1376    1.446
    89  -1.7112   1.5378   0.1074   0.1583   0.0090   0.1126   0.1029  -0.0005   0.0000  -0.1226   0.1379    1.441
    90  -1.7810   1.5123   0.1056   0.1564   0.0088   0.1131   0.1034  -0.0008   0.0000  -0.1228   0.1381    1.437
    91  -1.8509   1.4869   0.1039   0.1545   0.0087   0.1136   0.1039  -0.0005   0.0000  -0.1229   0.1384    1.433
    92  -1.9207   1.4615   0.1021   0.1526   0.0085   0.1142   0.1044  -0.0006   0.0000  -0.1230   0.1386    1.429
    93  -1.9905   1.4360   0.1003   0.1506   0.0083   0.1147   0.1049  -0.0009   0.0000  -0.1232   0.1388    1.424
    94  -2.0604   1.4106   0.0985   0.1486   0.0082   0.1152   0.1053  -0.0008   0.0000  -0.1233   0.1390    1.420
    95  -2.1302   1.3852   0.0967   0.1465   0.0080   0.1157   0.1058  -0.0005   0.0000  -0.1234   0.1392    1.416
    96  -2.2001   1.3597   0.0950   0.1445   0.0078   0.1162   0.1063  -0.0010   0.0000  -0.1234   0.1394    1.412
    97  -2.2699   1.3343   0.0932   0.1424   0.0077   0.1167   0.1067  -0.0014   0.0000  -0.1235   0.1396    1.407
    98  -2.3398   1.3088   0.0914   0.1402   0.0076   0.1172   0.1072  -0.0005   0.0000  -0.1236   0.1398    1.403
    99  -2.4096   1.2834   0.0896   0.1381   0.0074   0.1177   0.1076  -0.0007   0.0000  -0.1237   0.1399    1.399
   100  -2.4795   1.2580   0.0879   0.1359   0.0073   0.1182   0.1080  -0.0008   0.0000  -0.1237   0.1401    1.395
   101  -2.5493   1.2325   0.0861   0.1337   0.0072   0.1186   0.1085  -0.0002   0.0000  -0.1238   0.1403    1.391
   102  -2.6191   1.2071   0.0843   0.1314   0.0070   0.1191   0.1089  -0.0014   0.0000  -0.1238   0.1404    1.387
   103  -2.6890   1.1817   0.0825   0.1292   0.0069   0.1196   0.1093  -0.0010   0.0000  -0.1239   0.1405    1.383
   104  -2.7588   1.1562   0.0808   0.1269   0.0068   0.1200   0.1098  -0.0012   0.0000  -0.1239   0.1407    1.379
   105  -2.8287   1.1308   0.0790   0.1246   0.0067   0.1205   0.1102  -0.0018   0.0000  -0.1239   0.1408    1.375
   106  -2.8985   1.1053   0.0772   0.1222   0.0066   0.1209   0.1106  -0.0008   0.0000  -0.1240   0.1409    1.371
   107  -2.9684   1.0799   0.0754   0.1198   0.0066   0.1213   0.1110  -0.0016   0.0000  -0.1240   0.1410    1.367
   108  -3.0382   1.0545   0.0736   0.1174   0.0065   0.1218   0.1114  -0.0011   0.0000  -0.1240   0.1411    1.363
   109  -3.1080   1.0290   0.0719   0.1150   0.0064   0.1222   0.1117  -0.0012   0.0000  -0.1240   0.1412    1.360
   110  -3.1779   1.0036   0.0701   0.1125   0.0064   0.1226   0.1121  -0.0008   0.0000  -0.1240   0.1413    1.356
   111  -3.2477   0.9782   0.0683   0.1100   0.0064   0.1230   0.1125  -0.0011   0.0000  -0.1239   0.1413    1.352
   112  -3.3176   0.9527   0.0665   0.1074   0.0064   0.1233   0.1128  -0.0005   0.0000  -0.1239   0.1414    1.349
   113  -3.3874   0.9273   0.0648   0.1049   0.0064   0.1237   0.1131  -0.0008   0.0000  -0.1239   0.1414    1.345
   114  -3.4573   0.9018   0.0630   0.1022   0.0065   0.1240   0.1134  -0.0009   0.0000  -0.1238   0.1414    1.342
   115  -3.5271   0.8764   0.0612   0.0996   0.0066   0.1243   0.1136  -0.0008   0.0000  -0.1237   0.1413    1.338
   116  -3.5970   0.8510   0.0594   0.0969   0.0068   0.1245   0.1138  -0.0003   0.0000  -0.1235   0.1413    1.335
   117  -3.6668   0.8255   0.0577   0.0941   0.0070   0.1247   0.1140  -0.0014   0.0000  -0.1233   0.1411    1.332
   118  -3.7366   0.8001   0.0559   0.0913   0.0073   0.1248   0.1141  -0.0008   0.0000  -0.1230   0.1409    1.329
   119  -3.8065   0.7747   0.0541   0.0883   0.0078   0.1247   0.1140  -0.0005   0.0000  -0.1227   0.1405    1.326
   120  -3.8763   0.7492   0.0523   0.0853   0.0084   0.1245   0.1139  -0.0008   0.0000  -0.1222   0.1400    1.323
   121  -3.9462   0.7238   0.0506   0.0821   0.0092   0.1241   0.1135  -0.0012   0.0000  -0.1214   0.1392    1.320
   122  -4.0160   0.6983   0.0488   0.0787   0.0103   0.1233   0.1128  -0.0013   0.0000  -0.1204   0.1381    1.317
   123  -4.0859   0.6729   0.0470   0.0751   0.0117   0.1220   0.1116  -0.0008   0.0000  -0.1188   0.1364    1.315
   124  -4.1557   0.6475   0.0452   0.0709   0.0138   0.1198   0.1096  -0.0006   0.0000  -0.1164   0.1337    1.313
   125  -4.2255   0.6220   0.0434   0.0661   0.0167   0.1162   0.1063   0.0005   0.0000  -0.1127   0.1294    1.311
   126  -4.2954   0.5966   0.0417   0.0601   0.0209   0.1101   0.1007  -0.0000   0.0000  -0.1065   0.1224    1.308
   127  -4.3652   0.5712   0.0399   0.0517   0.0274   0.0990   0.0905  -0.0017   0.0000  -0.0956   0.1098    1.306
   128  -4.4351   0.5457   0.0381   0.0378   0.0378   0.0758   0.0693  -0.0020   0.0000  -0.0731   0.0840    1.304
 ---------------------------------------------------------------
