 ---------------------------------------------------------------
 Surface and Strip Forces by surface

  Forces referred to Sref, Cref, Bref about Xref, Yref, Zref
 Standard axis orientation,  X fwd, Z down         

  Surface # 1     Wing                                    
     # Chordwise =  8   # Spanwise = 64     First strip =  1
     Surface area =    4.174500       Ave. chord =    1.150000
     CLsurf  =   0.11972     Clsurf  =  -0.02061
     CYsurf  =  -0.00081     Cmsurf  =  -0.12182
     CDsurf  =   0.00604     Cnsurf  =   0.00124
     CDisurf =   0.00604     CDvsurf =   0.00000

  Forces referred to Ssurf, Cave about hinge axis thru LE
     CLsurf  =   0.29596     CDsurf  =   0.01493
     Deflect =

 Strip Forces referred to Strip Area, Chord
    j      Yle    Chord     Area     c cl      ai      cl_norm  cl       cd       cdv    cm_c/4    cm_LE  C.P.x/c
     1   0.0005   1.7668   0.0039   0.4420   0.0294   0.2719   0.2477   0.2909   0.0000  -0.0850  -0.1371    0.593
     2   0.0049   1.7653   0.0116   0.4420   0.0299   0.2745   0.2501   0.0353   0.0000  -0.0850  -0.1372    0.590
     3   0.0136   1.7624   0.0192   0.4420   0.0306   0.2752   0.2507   0.0141   0.0000  -0.0851  -0.1374    0.590
     4   0.0267   1.7579   0.0268   0.4421   0.0313   0.2760   0.2514   0.0105   0.0000  -0.0853  -0.1377    0.589
     5   0.0441   1.7520   0.0342   0.4422   0.0320   0.2770   0.2523   0.0080   0.0000  -0.0854  -0.1380    0.588
     6   0.0657   1.7446   0.0415   0.4422   0.0325   0.2782   0.2534   0.0062   0.0000  -0.0855  -0.1384    0.587
     7   0.0916   1.7359   0.0485   0.4423   0.0328   0.2797   0.2548   0.0042   0.0000  -0.0856  -0.1387    0.586
     8   0.1216   1.7257   0.0553   0.4422   0.0331   0.2813   0.2563   0.0038   0.0000  -0.0856  -0.1391    0.584
     9   0.1557   1.7141   0.0619   0.4421   0.0333   0.2831   0.2579   0.0072   0.0000  -0.0856  -0.1395    0.582
    10   0.1938   1.7011   0.0681   0.4419   0.0334   0.2851   0.2597   0.0084   0.0000  -0.0856  -0.1399    0.580
    11   0.2358   1.6868   0.0741   0.4416   0.0334   0.2873   0.2617   0.0042   0.0000  -0.0856  -0.1404    0.577
    12   0.2816   1.6713   0.0797   0.4411   0.0334   0.2897   0.2639   0.0051   0.0000  -0.0856  -0.1408    0.574
    13   0.3311   1.6544   0.0849   0.4403   0.0333   0.2921   0.2661   0.0059   0.0000  -0.0855  -0.1413    0.571
    14   0.3842   1.6364   0.0897   0.4394   0.0332   0.2947   0.2685   0.0047   0.0000  -0.0855  -0.1419    0.568
    15   0.4407   1.6172   0.0941   0.4382   0.0330   0.2974   0.2710   0.0057   0.0000  -0.0855  -0.1424    0.566
    16   0.5005   1.5969   0.0981   0.4368   0.0328   0.3003   0.2735   0.0044   0.0000  -0.0855  -0.1430    0.563
    17   0.5635   1.5754   0.1016   0.4351   0.0325   0.3031   0.2761   0.0077   0.0000  -0.0855  -0.1436    0.560
    18   0.6295   1.5530   0.1048   0.4331   0.0322   0.3061   0.2788   0.0055   0.0000  -0.0855  -0.1442    0.557
    19   0.6984   1.5296   0.1074   0.4308   0.0319   0.3091   0.2816   0.0035   0.0000  -0.0855  -0.1449    0.554
    20   0.7699   1.5053   0.1096   0.4281   0.0316   0.3122   0.2844   0.0052   0.0000  -0.0855  -0.1455    0.551
    21   0.8440   1.4801   0.1114   0.4251   0.0312   0.3153   0.2872   0.0074   0.0000  -0.0855  -0.1462    0.548
    22   0.9204   1.4541   0.1127   0.4218   0.0308   0.3184   0.2900   0.0066   0.0000  -0.0855  -0.1469    0.545
    23   0.9990   1.4274   0.1136   0.4181   0.0304   0.3216   0.2929   0.0008   0.0000  -0.0855  -0.1475    0.542
    24   1.0795   1.4000   0.1140   0.4141   0.0300   0.3245   0.2956   0.0268   0.0000  -0.0855  -0.1482    0.539
    25   1.1618   1.3721   0.1140   0.4097   0.0296   0.3276   0.2984   0.0231   0.0000  -0.0855  -0.1489    0.537
    26   1.2457   1.3435   0.1136   0.4050   0.0292   0.3308   0.3014   0.0081   0.0000  -0.0855  -0.1495    0.534
    27   1.3309   1.3146   0.1129   0.3999   0.0288   0.3337   0.3040   0.0271   0.0000  -0.0855  -0.1502    0.531
    28   1.4173   1.2852   0.1117   0.3945   0.0283   0.3369   0.3069   0.0091   0.0000  -0.0855  -0.1508    0.529
    29   1.5047   1.2555   0.1102   0.3888   0.0279   0.3399   0.3096   0.0074   0.0000  -0.0855  -0.1515    0.526
    30   1.5928   1.2255   0.1084   0.3828   0.0275   0.3428   0.3123   0.0078   0.0000  -0.0855  -0.1521    0.524
    31   1.6815   1.1954   0.1062   0.3764   0.0271   0.3453   0.3146   0.0396   0.0000  -0.0855  -0.1527    0.522
    32   1.7705   1.1651   0.1038   0.3698   0.0268   0.3483   0.3173   0.0095   0.0000  -0.0855  -0.1532    0.519
    33   1.8595   1.1349   0.1011   0.3628   0.0264   0.3504   0.3192   0.0605   0.0000  -0.0855  -0.1537    0.518
    34   1.9485   1.1046   0.0981   0.3557   0.0261   0.3532   0.3217   0.0332   0.0000  -0.0854  -0.1542    0.516
    35   2.0372   1.0745   0.0950   0.3482   0.0258   0.3560   0.3243  -0.0219   0.0000  -0.0854  -0.1547    0.513
    36   2.1253   1.0445   0.0917   0.3406   0.0256   0.3581   0.3262  -0.0217   0.0000  -0.0853  -0.1551    0.512
    37   2.2127   1.0148   0.0882   0.3327   0.0254   0.3592   0.3272   0.0711   0.0000  -0.0852  -0.1554    0.510
    38   2.2991   0.9854   0.0846   0.3246   0.0252   0.3613   0.3291   0.0324   0.0000  -0.0851  -0.1557    0.509
    39   2.3843   0.9565   0.0809   0.3163   0.0252   0.3633   0.3309  -0.0205   0.0000  -0.0850  -0.1559    0.507
    40   2.4682   0.9279   0.0771   0.3079   0.0251   0.3640   0.3315   0.0290   0.0000  -0.0849  -0.1560    0.506
    41   2.5505   0.9000   0.0733   0.2992   0.0252   0.3648   0.3323   0.0264   0.0000  -0.0847  -0.1560    0.505
    42   2.6310   0.8726   0.0694   0.2905   0.0254   0.3652   0.3327   0.0243   0.0000  -0.0845  -0.1559    0.504
    43   2.7096   0.8459   0.0656   0.2815   0.0257   0.3655   0.3330  -0.0171   0.0000  -0.0842  -0.1556    0.503
    44   2.7860   0.8199   0.0617   0.2724   0.0262   0.3649   0.3324  -0.0167   0.0000  -0.0839  -0.1552    0.502
    45   2.8601   0.7947   0.0579   0.2632   0.0268   0.3630   0.3306   0.0594   0.0000  -0.0835  -0.1546    0.503
    46   2.9316   0.7704   0.0541   0.2537   0.0275   0.3611   0.3289   0.0489   0.0000  -0.0831  -0.1537    0.503
    47   3.0005   0.7470   0.0504   0.2441   0.0285   0.3583   0.3264   0.0553   0.0000  -0.0825  -0.1526    0.503
    48   3.0665   0.7246   0.0467   0.2343   0.0297   0.3545   0.3229   0.0581   0.0000  -0.0818  -0.1512    0.503
    49   3.1295   0.7031   0.0432   0.2243   0.0312   0.3497   0.3186   0.0533   0.0000  -0.0810  -0.1494    0.504
    50   3.1893   0.6828   0.0397   0.2140   0.0329   0.3430   0.3125   0.1120   0.0000  -0.0800  -0.1472    0.506
    51   3.2458   0.6636   0.0364   0.2034   0.0349   0.3361   0.3062   0.0414   0.0000  -0.0788  -0.1444    0.507
    52   3.2989   0.6456   0.0331   0.1925   0.0374   0.3274   0.2982  -0.0090   0.0000  -0.0773  -0.1411    0.509
    53   3.3484   0.6287   0.0300   0.1811   0.0402   0.3163   0.2881  -0.0092   0.0000  -0.0754  -0.1370    0.512
    54   3.3942   0.6132   0.0269   0.1693   0.0434   0.3037   0.2766  -0.0673   0.0000  -0.0732  -0.1322    0.515
    55   3.4362   0.5989   0.0240   0.1569   0.0472   0.2877   0.2620  -0.0083   0.0000  -0.0705  -0.1264    0.519
    56   3.4743   0.5859   0.0212   0.1439   0.0515   0.2696   0.2456  -0.0046   0.0000  -0.0672  -0.1195    0.524
    57   3.5084   0.5743   0.0184   0.1302   0.0565   0.2489   0.2267  -0.0058   0.0000  -0.0632  -0.1114    0.529
    58   3.5384   0.5641   0.0158   0.1157   0.0622   0.2252   0.2051  -0.0011   0.0000  -0.0584  -0.1019    0.535
    59   3.5643   0.5554   0.0132   0.1004   0.0687   0.1982   0.1806   0.0276   0.0000  -0.0527  -0.0910    0.542
    60   3.5859   0.5480   0.0107   0.0842   0.0764   0.1685   0.1535   0.0232   0.0000  -0.0459  -0.0784    0.549
    61   3.6033   0.5421   0.0083   0.0670   0.0851   0.1356   0.1235   0.0173   0.0000  -0.0379  -0.0639    0.557
    62   3.6164   0.5376   0.0059   0.0489   0.0942   0.0998   0.0909  -0.0017   0.0000  -0.0285  -0.0476    0.563
    63   3.6251   0.5347   0.0035   0.0298   0.1015   0.0611   0.0556   0.0073   0.0000  -0.0178  -0.0295    0.570
    64   3.6295   0.5332   0.0012   0.0100   0.1051   0.0206   0.0187   0.0021   0.0000  -0.0060  -0.0100    0.572

  Surface # 2     Wing (YDUP)                             
     # Chordwise =  8   # Spanwise = 64     First strip = 65
     Surface area =    4.174500       Ave. chord =    1.150000
     CLsurf  =   0.11972     Clsurf  =   0.02061
     CYsurf  =   0.00080     Cmsurf  =  -0.12182
     CDsurf  =   0.00603     Cnsurf  =  -0.00124
     CDisurf =   0.00603     CDvsurf =   0.00000

  Forces referred to Ssurf, Cave about hinge axis thru LE
     CLsurf  =   0.29596     CDsurf  =   0.01490
     Deflect =

 Strip Forces referred to Strip Area, Chord
    j      Yle    Chord     Area     c cl      ai      cl_norm  cl       cd       cdv    cm_c/4    cm_LE  C.P.x/c
    65  -0.0005   1.7668   0.0039   0.4420   0.0294   0.2719   0.2477   0.2909   0.0000  -0.0850   0.1371    0.593
    66  -0.0049   1.7653   0.0116   0.4420   0.0299   0.2745   0.2501   0.0353   0.0000  -0.0850   0.1372    0.590
    67  -0.0136   1.7624   0.0192   0.4420   0.0306   0.2752   0.2507   0.0141   0.0000  -0.0851   0.1374    0.590
    68  -0.0267   1.7579   0.0268   0.4421   0.0313   0.2760   0.2514   0.0105   0.0000  -0.0853   0.1377    0.589
    69  -0.0441   1.7520   0.0342   0.4422   0.0320   0.2770   0.2523   0.0080   0.0000  -0.0854   0.1380    0.588
    70  -0.0657   1.7446   0.0415   0.4422   0.0325   0.2782   0.2534   0.0062   0.0000  -0.0855   0.1384    0.587
    71  -0.0916   1.7359   0.0485   0.4423   0.0328   0.2797   0.2548   0.0041   0.0000  -0.0856   0.1387    0.586
    72  -0.1216   1.7257   0.0553   0.4422   0.0331   0.2813   0.2563   0.0038   0.0000  -0.0856   0.1391    0.584
    73  -0.1557   1.7141   0.0619   0.4421   0.0333   0.2831   0.2579   0.0072   0.0000  -0.0856   0.1395    0.582
    74  -0.1938   1.7011   0.0681   0.4419   0.0334   0.2851   0.2597   0.0084   0.0000  -0.0856   0.1399    0.580
    75  -0.2358   1.6868   0.0741   0.4416   0.0334   0.2873   0.2617   0.0042   0.0000  -0.0856   0.1404    0.577
    76  -0.2816   1.6713   0.0797   0.4411   0.0334   0.2897   0.2639   0.0051   0.0000  -0.0856   0.1408    0.574
    77  -0.3311   1.6544   0.0849   0.4403   0.0333   0.2921   0.2661   0.0059   0.0000  -0.0855   0.1413    0.571
    78  -0.3842   1.6364   0.0897   0.4394   0.0332   0.2947   0.2685   0.0047   0.0000  -0.0855   0.1419    0.568
    79  -0.4407   1.6172   0.0941   0.4382   0.0330   0.2974   0.2710   0.0057   0.0000  -0.0855   0.1424    0.566
    80  -0.5005   1.5969   0.0981   0.4368   0.0328   0.3003   0.2735   0.0044   0.0000  -0.0855   0.1430    0.563
    81  -0.5635   1.5754   0.1016   0.4351   0.0325   0.3031   0.2761   0.0077   0.0000  -0.0855   0.1436    0.560
    82  -0.6295   1.5530   0.1048   0.4331   0.0322   0.3061   0.2788   0.0055   0.0000  -0.0855   0.1442    0.557
    83  -0.6984   1.5296   0.1074   0.4308   0.0319   0.3091   0.2816   0.0034   0.0000  -0.0855   0.1449    0.554
    84  -0.7699   1.5053   0.1096   0.4281   0.0316   0.3122   0.2844   0.0051   0.0000  -0.0855   0.1455    0.551
    85  -0.8440   1.4801   0.1114   0.4251   0.0312   0.3153   0.2872   0.0074   0.0000  -0.0855   0.1462    0.548
    86  -0.9204   1.4541   0.1127   0.4218   0.0308   0.3184   0.2900   0.0066   0.0000  -0.0855   0.1469    0.545
    87  -0.9990   1.4274   0.1136   0.4181   0.0304   0.3216   0.2929   0.0006   0.0000  -0.0855   0.1475    0.542
    88  -1.0795   1.4000   0.1140   0.4141   0.0300   0.3245   0.2956   0.0268   0.0000  -0.0855   0.1482    0.539
    89  -1.1618   1.3721   0.1140   0.4097   0.0296   0.3276   0.2984   0.0231   0.0000  -0.0855   0.1489    0.537
    90  -1.2457   1.3435   0.1136   0.4050   0.0292   0.3308   0.3014   0.0081   0.0000  -0.0855   0.1495    0.534
    91  -1.3309   1.3146   0.1129   0.3999   0.0288   0.3337   0.3040   0.0271   0.0000  -0.0855   0.1502    0.531
    92  -1.4173   1.2852   0.1117   0.3945   0.0283   0.3369   0.3069   0.0091   0.0000  -0.0855   0.1508    0.529
    93  -1.5047   1.2555   0.1102   0.3888   0.0279   0.3399   0.3096   0.0075   0.0000  -0.0855   0.1515    0.526
    94  -1.5928   1.2255   0.1084   0.3828   0.0275   0.3428   0.3122   0.0100   0.0000  -0.0855   0.1521    0.524
    95  -1.6815   1.1954   0.1062   0.3764   0.0271   0.3453   0.3146   0.0396   0.0000  -0.0855   0.1527    0.522
    96  -1.7705   1.1651   0.1038   0.3698   0.0268   0.3483   0.3173   0.0090   0.0000  -0.0855   0.1532    0.519
    97  -1.8595   1.1349   0.1011   0.3628   0.0264   0.3504   0.3192   0.0605   0.0000  -0.0855   0.1537    0.518
    98  -1.9485   1.1046   0.0981   0.3557   0.0261   0.3532   0.3217   0.0332   0.0000  -0.0854   0.1542    0.516
    99  -2.0372   1.0745   0.0950   0.3482   0.0258   0.3560   0.3243  -0.0219   0.0000  -0.0854   0.1547    0.513
   100  -2.1253   1.0445   0.0917   0.3406   0.0256   0.3581   0.3263  -0.0220   0.0000  -0.0853   0.1551    0.512
   101  -2.2127   1.0148   0.0882   0.3327   0.0254   0.3592   0.3273   0.0703   0.0000  -0.0852   0.1554    0.510
   102  -2.2991   0.9854   0.0846   0.3246   0.0252   0.3613   0.3291   0.0317   0.0000  -0.0851   0.1557    0.509
   103  -2.3843   0.9565   0.0809   0.3163   0.0252   0.3633   0.3309  -0.0205   0.0000  -0.0850   0.1559    0.507
   104  -2.4682   0.9279   0.0771   0.3079   0.0251   0.3640   0.3315   0.0287   0.0000  -0.0849   0.1560    0.506
   105  -2.5505   0.9000   0.0733   0.2992   0.0252   0.3648   0.3323   0.0265   0.0000  -0.0847   0.1560    0.505
   106  -2.6310   0.8726   0.0694   0.2905   0.0254   0.3652   0.3327   0.0244   0.0000  -0.0845   0.1559    0.504
   107  -2.7096   0.8459   0.0656   0.2815   0.0257   0.3655   0.3330  -0.0171   0.0000  -0.0842   0.1556    0.503
   108  -2.7860   0.8199   0.0617   0.2724   0.0262   0.3649   0.3324  -0.0167   0.0000  -0.0839   0.1552    0.502
   109  -2.8601   0.7947   0.0579   0.2632   0.0268   0.3630   0.3306   0.0594   0.0000  -0.0835   0.1546    0.503
   110  -2.9316   0.7704   0.0541   0.2537   0.0275   0.3611   0.3289   0.0489   0.0000  -0.0831   0.1537    0.503
   111  -3.0005   0.7470   0.0504   0.2441   0.0285   0.3583   0.3264   0.0550   0.0000  -0.0825   0.1526    0.503
   112  -3.0665   0.7246   0.0467   0.2343   0.0297   0.3545   0.3229   0.0584   0.0000  -0.0818   0.1512    0.503
   113  -3.1295   0.7031   0.0432   0.2243   0.0312   0.3497   0.3186   0.0521   0.0000  -0.0810   0.1494    0.504
   114  -3.1893   0.6828   0.0397   0.2140   0.0329   0.3430   0.3125   0.1119   0.0000  -0.0800   0.1472    0.506
   115  -3.2458   0.6636   0.0364   0.2034   0.0349   0.3361   0.3062   0.0414   0.0000  -0.0788   0.1444    0.507
   116  -3.2989   0.6456   0.0331   0.1925   0.0374   0.3274   0.2982  -0.0092   0.0000  -0.0773   0.1411    0.509
   117  -3.3484   0.6287   0.0300   0.1811   0.0402   0.3163   0.2881  -0.0098   0.0000  -0.0754   0.1370    0.512
   118  -3.3942   0.6132   0.0269   0.1693   0.0434   0.3037   0.2766  -0.0672   0.0000  -0.0732   0.1322    0.515
   119  -3.4362   0.5989   0.0240   0.1569   0.0472   0.2877   0.2620  -0.0083   0.0000  -0.0705   0.1264    0.519
   120  -3.4743   0.5859   0.0212   0.1439   0.0515   0.2696   0.2456  -0.0050   0.0000  -0.0672   0.1195    0.524
   121  -3.5084   0.5743   0.0184   0.1302   0.0565   0.2489   0.2267  -0.0058   0.0000  -0.0632   0.1114    0.529
   122  -3.5384   0.5641   0.0158   0.1157   0.0622   0.2252   0.2051  -0.0013   0.0000  -0.0584   0.1019    0.535
   123  -3.5643   0.5554   0.0132   0.1004   0.0687   0.1982   0.1806   0.0275   0.0000  -0.0527   0.0910    0.542
   124  -3.5859   0.5480   0.0107   0.0842   0.0764   0.1685   0.1535   0.0229   0.0000  -0.0459   0.0784    0.549
   125  -3.6033   0.5421   0.0083   0.0670   0.0851   0.1356   0.1235   0.0165   0.0000  -0.0379   0.0639    0.557
   126  -3.6164   0.5376   0.0059   0.0489   0.0942   0.0998   0.0909  -0.0018   0.0000  -0.0285   0.0476    0.563
   127  -3.6251   0.5347   0.0035   0.0298   0.1015   0.0611   0.0556   0.0073   0.0000  -0.0178   0.0295    0.570
   128  -3.6295   0.5332   0.0012   0.0100   0.1051   0.0206   0.0187   0.0021   0.0000  -0.0060   0.0100    0.572
 ---------------------------------------------------------------
